      0/99     17.2G   0.06805   0.01592   0.03643    0.1204        92       640    0.1278   0.05195   0.02292  0.007909   0.09416   0.01394   0.03891
      1/99     20.5G   0.05636   0.01258   0.03105       0.1       129       640    0.8731   0.09952   0.07719   0.03402   0.08672   0.01217   0.03666
      2/99     20.5G    0.0499   0.01194   0.02908   0.09092        74       640    0.9151    0.1167    0.1243   0.06818    0.0775   0.01154   0.03463
      3/99     20.5G   0.04867   0.01184   0.02824   0.08875       112       640    0.9558    0.1275    0.1682   0.09997   0.07873   0.01113   0.03284
      4/99     20.5G   0.04698   0.01155   0.02647     0.085        92       640    0.1106    0.3552     0.241    0.1308   0.07961   0.01036   0.03138
      5/99     20.5G   0.04657   0.01108    0.0252   0.08285        71       640    0.3042    0.2989    0.2155    0.1143   0.08537   0.01018   0.03159
      6/99     20.5G   0.05119   0.01074   0.02673   0.08865        91       640    0.5177    0.2637    0.2414    0.1311   0.07973   0.01078    0.0315
      7/99     20.5G   0.05081   0.01061   0.02698    0.0884        61       640    0.6813     0.299    0.2801    0.1496   0.08323  0.009864   0.03078
      8/99     20.5G    0.0522   0.01079   0.02608   0.08906       105       640    0.6481    0.1927    0.1709   0.08247    0.1016   0.01016   0.03351
      9/99     20.5G   0.05388   0.01052   0.02623   0.09063        80       640    0.3459    0.3379    0.2637    0.1194   0.09959  0.009892   0.03043
     10/99     20.5G   0.05312   0.01067   0.02506   0.08885       113       640    0.5315    0.3722    0.3252    0.1461   0.09065   0.00961    0.0292
     11/99     20.5G   0.05411   0.01039   0.02581    0.0903        95       640    0.4185    0.2995    0.2102   0.09092   0.09749   0.01013   0.03346
     12/99     20.5G   0.05378    0.0109   0.02515   0.08984       106       640    0.3701    0.2322    0.0978   0.04079   0.09547   0.01128   0.03346
     13/99     20.5G   0.05309   0.01079   0.02602    0.0899       104       640    0.2012    0.5151    0.2797    0.1311   0.09599   0.01036   0.03144
     14/99     20.5G   0.05057   0.01073   0.02485   0.08615        61       640    0.4906     0.418    0.3657    0.1651   0.09112   0.01033   0.03015
     15/99     20.5G   0.05064   0.01062   0.02485   0.08611        63       640    0.2497    0.4264    0.3181     0.157   0.09075   0.01011    0.0321
     16/99     20.5G   0.05018   0.01077   0.02428   0.08522        81       640    0.5748    0.4263     0.369    0.1814   0.08614   0.01008   0.03124
     17/99     20.5G   0.05191   0.01098   0.02636   0.08925       119       640    0.4333   0.08351   0.02341   0.01185    0.1057   0.01249   0.03708
     18/99     20.5G    0.0548   0.01135   0.02755    0.0937       106       640    0.5056    0.1242   0.06759   0.03099   0.09411   0.01138   0.03782
     19/99     20.5G   0.05306   0.01115   0.02692   0.09113        86       640    0.4974    0.2493    0.2333   0.09429    0.0889   0.01084   0.03496
     20/99     20.5G   0.05322   0.01093    0.0262   0.09035        95       640     0.551    0.3238    0.2636    0.1193   0.08414   0.01051   0.03266
     21/99     20.5G    0.0508   0.01116   0.02621   0.08816        53       640     0.594    0.2717     0.288    0.1339   0.08629   0.01055   0.03316
     22/99     20.5G   0.05147   0.01119   0.02476   0.08742       126       640    0.5615    0.4539    0.4133    0.1832   0.08263   0.01036   0.03131
     23/99     20.5G   0.04971   0.01061   0.02455   0.08487       117       640     0.561    0.4509    0.3761    0.1683   0.08191   0.01075   0.03105
     24/99     20.5G   0.05029   0.01101   0.02353   0.08482        92       640    0.5363    0.5717    0.4623    0.2197   0.08003   0.01004   0.03069
     25/99     20.5G   0.04681   0.01081    0.0222   0.07981       100       640    0.5661    0.4875    0.4074    0.1912   0.08182   0.01067   0.03185
     26/99     20.5G   0.04854   0.01084   0.02222    0.0816        88       640    0.5785    0.4703     0.444     0.201   0.08003   0.01033   0.03145
     27/99     20.5G   0.04697   0.01055   0.02201   0.07953       113       640    0.7628    0.4299    0.4893    0.2471   0.07969   0.01048   0.03029
     28/99     20.5G   0.04707   0.01072   0.02324   0.08103        95       640    0.5894    0.5775    0.5259    0.2574   0.07898   0.01045   0.02933
     29/99     20.5G    0.0466   0.01096    0.0228   0.08036        89       640    0.6527    0.4748    0.4816    0.2341   0.07957   0.01008   0.02897
     30/99     20.5G   0.04604   0.01058   0.02177   0.07838       102       640    0.5754    0.5433    0.5614    0.2799   0.07885   0.01005   0.02829
     31/99     20.5G   0.04507   0.01061   0.02171   0.07739        87       640    0.6429    0.5506    0.5506    0.2691   0.08101  0.009663   0.02913
     32/99     20.5G   0.04573   0.01057   0.02144   0.07775        97       640    0.6082    0.5665    0.5604    0.2512   0.08978  0.009005   0.02848
     33/99     20.5G   0.04467   0.01043   0.02058   0.07567        86       640    0.5788    0.5583    0.5795      0.28   0.08718  0.009554   0.02825
     34/99     20.5G   0.04689   0.01072   0.02075   0.07837        66       640    0.6649    0.5747    0.5861    0.2907    0.0883  0.009398   0.02857
     35/99     20.5G   0.04532   0.01082   0.02136    0.0775       122       640    0.7144     0.606    0.6198    0.3082   0.08803  0.009344   0.02793
     36/99     20.5G   0.04536    0.0108   0.02046   0.07662        91       640    0.7183    0.5377    0.5744    0.2952   0.09033  0.009346     0.028
     37/99     20.5G   0.04497   0.01054   0.02168   0.07718        88       640    0.6426    0.6007    0.5766    0.2593   0.09056   0.00887   0.02712
     38/99     20.5G   0.04324   0.01073   0.02102   0.07499       103       640    0.6908    0.6164    0.6041    0.2864   0.08585  0.009558   0.02681
     39/99     20.5G   0.04268   0.01083   0.02116   0.07466        93       640    0.6401    0.5694    0.5385    0.2918     0.084      0.01   0.02744
     40/99     20.5G   0.04237   0.01034   0.01941   0.07212        76       640    0.7545    0.5953    0.6226    0.3051   0.08042  0.009929    0.0266
     41/99     20.5G   0.04448   0.01088   0.02047   0.07584        72       640    0.6886    0.5534    0.5653    0.2695   0.07642   0.01062   0.02684
     42/99     20.5G    0.0436   0.01066   0.01985   0.07411        80       640    0.6113    0.5457    0.5561    0.2841   0.07996  0.009848    0.0268
     43/99     20.5G   0.04354   0.01063    0.0206   0.07477       110       640    0.6065    0.6128    0.6001    0.3015   0.08065  0.009857   0.02661
     44/99     20.5G   0.04252   0.01081   0.02068   0.07402        81       640    0.7808    0.5872    0.6296    0.3215   0.08152  0.009698    0.0261
     45/99     20.5G   0.04125   0.01047   0.02024   0.07195       107       640    0.7403    0.5855    0.6405    0.3197   0.07497   0.01028   0.02547
     46/99     20.5G   0.04111   0.01065   0.01888   0.07065       131       640    0.7154    0.6547    0.6758    0.3232   0.07215    0.0104   0.02543
     47/99     20.5G   0.04178   0.01049   0.01963    0.0719        50       640    0.7567    0.6445    0.6666    0.3368   0.07284   0.01058   0.02573
     48/99     20.5G   0.04059   0.01081   0.01809   0.06949        68       640    0.7259    0.6608    0.6769    0.3133    0.0744   0.01006   0.02556
     49/99     20.5G   0.03959   0.01074   0.01819   0.06852        75       640    0.6289     0.656    0.6401    0.3224   0.08047   0.00983   0.02427
     50/99     20.5G   0.04063   0.01029   0.01852   0.06944        83       640    0.6813    0.6042    0.6128    0.3044   0.08278   0.01008   0.02561
     51/99     20.5G   0.03949   0.01057   0.01816   0.06822        82       640     0.717    0.6991    0.6942    0.3486   0.08171  0.009349    0.0256
     52/99     20.5G   0.03913   0.01054   0.01805   0.06773        91       640    0.7794    0.6761    0.6843    0.3372   0.08255    0.0094   0.02604
     53/99     20.5G   0.03764   0.01045   0.01788   0.06597       128       640    0.5787    0.6717    0.6399    0.3112   0.08575  0.009279    0.0266
     54/99     20.5G   0.03876    0.0106   0.01808   0.06744        67       640    0.6948    0.6608    0.6644    0.3515    0.0814  0.009899   0.02636
     55/99     20.5G   0.03937   0.01088   0.01695    0.0672        93       640    0.7108    0.6948    0.6844     0.354   0.07917  0.009545   0.02602
     56/99     20.5G   0.03902   0.01053    0.0168   0.06634        93       640     0.767    0.7015    0.7082    0.3746   0.07968  0.009298    0.0261
     57/99     20.5G   0.03641    0.0107   0.01686   0.06397        74       640    0.7131     0.711    0.6947    0.3524   0.07818  0.009603   0.02518
     58/99     20.5G   0.03728   0.01046   0.01618   0.06391        63       640    0.7869    0.6623    0.6912    0.3429    0.0791  0.009365   0.02502
     59/99     20.5G   0.03805   0.01075   0.01676   0.06556        77       640    0.7638    0.6743    0.6866    0.3527   0.07738  0.009847   0.02446
     60/99     20.5G   0.03643   0.01038   0.01731   0.06412       107       640    0.7561    0.7046    0.7078    0.3814   0.07619   0.00979   0.02433
     61/99     20.5G   0.03705   0.01068   0.01614   0.06387        95       640     0.809    0.7027    0.7414    0.3863   0.07906  0.009086   0.02382
     62/99     20.5G   0.03616   0.01055   0.01608   0.06279       119       640    0.7044    0.7502    0.7396     0.388   0.07872  0.009419   0.02387
     63/99     20.5G   0.03571   0.01095   0.01669   0.06336       110       640    0.7219    0.7228    0.7068    0.3915   0.07407   0.01011   0.02422
     64/99     20.5G   0.03554   0.01098   0.01561   0.06213       109       640    0.7626    0.7104    0.7352    0.3851   0.07344  0.009748   0.02336
     65/99     20.5G   0.03584   0.01063    0.0161   0.06256        84       640    0.6452    0.7162    0.7215    0.3504   0.07345  0.009956    0.0235
     66/99     20.5G   0.03492   0.01071   0.01594   0.06157       105       640     0.705    0.7571    0.7406    0.4132   0.07488  0.009556   0.02292
     67/99     20.5G   0.03484   0.01106   0.01474   0.06064        71       640    0.7699    0.7661    0.7584    0.3972    0.0753  0.009475   0.02262
     68/99     20.5G   0.03565    0.0106   0.01533   0.06158        99       640    0.6923    0.7219    0.7348    0.4022   0.07074  0.009964   0.02455
     69/99     20.5G   0.03486    0.0107   0.01507   0.06064        91       640     0.772    0.7072    0.7376    0.3945   0.07173  0.009755    0.0239
     70/99     20.5G   0.03525   0.01029   0.01584   0.06137        84       640    0.7247    0.7382    0.7403    0.4001   0.07078    0.0102   0.02335
     71/99     20.5G   0.03492   0.01048   0.01472   0.06012        89       640    0.7102    0.7264    0.7317    0.3785   0.07348  0.009712   0.02377
     72/99     20.5G   0.03517   0.01092   0.01444   0.06053        99       640    0.6996    0.7584    0.7361    0.4019   0.07418  0.009271     0.023
     73/99     20.5G   0.03435   0.01048   0.01547    0.0603        68       640    0.7536    0.7342    0.7501    0.3968   0.07626  0.009513   0.02371
     74/99     20.5G   0.03376   0.01086    0.0144   0.05901        81       640    0.7451    0.7454    0.7679    0.4168   0.07293  0.009644   0.02305
     75/99     20.5G   0.03325   0.01087   0.01472   0.05884        87       640    0.7599    0.7694    0.7758    0.4161   0.07164  0.009742    0.0226
     76/99     20.5G   0.03318   0.01089    0.0145   0.05856       102       640    0.7442    0.7594    0.7606     0.408   0.07004  0.009716   0.02373
     77/99     20.5G   0.03289   0.01108   0.01368   0.05765       120       640    0.7826    0.7441    0.7504    0.4129   0.07074  0.009631   0.02241
     78/99     20.5G   0.03363   0.01075   0.01506   0.05944        98       640    0.7605    0.7496    0.7474    0.4322   0.06993  0.009837    0.0217
     79/99     20.5G   0.03298   0.01097   0.01538   0.05933        88       640    0.7707    0.7572     0.768    0.4242   0.07016  0.009461   0.02199
     80/99     20.5G    0.0336   0.01097   0.01489   0.05947        99       640    0.7478    0.7639    0.7474    0.4111     0.071  0.009384   0.02264
     81/99     20.5G   0.03263   0.01057   0.01428   0.05748        98       640    0.7371    0.7889    0.7646    0.4142   0.07096  0.009806   0.02255
     82/99     20.5G    0.0325   0.01111    0.0144     0.058        83       640    0.7652    0.7483    0.7819    0.4092   0.07058  0.009466   0.02292
     83/99     20.5G   0.03261   0.01076   0.01492   0.05828       104       640    0.7452    0.7533    0.7614    0.4066   0.07032  0.009583   0.02391
     84/99     20.5G   0.03286    0.0111   0.01342   0.05737        90       640    0.7692    0.7733    0.7621    0.4319   0.06771  0.009508   0.02334
     85/99     20.5G   0.03181   0.01103   0.01318   0.05603       104       640    0.8074    0.7414    0.7736     0.421   0.06807  0.009411   0.02274
     86/99     20.5G   0.03225   0.01085   0.01466   0.05775        66       640    0.7773     0.759    0.7596    0.4228   0.06918  0.009486   0.02205
     87/99     20.5G   0.03283   0.01069   0.01327   0.05679        78       640    0.7944    0.7534    0.7584    0.4355   0.06776  0.009622   0.02208
     88/99     20.5G   0.03119   0.01051   0.01357   0.05527        86       640    0.8182     0.755     0.766    0.4156   0.06936  0.009358     0.022
     89/99     20.5G   0.03282    0.0108   0.01452   0.05813        78       640    0.7868    0.7696    0.7629     0.442   0.06824  0.009657   0.02242
     90/99     20.5G   0.03211   0.01078   0.01446   0.05735        81       640    0.8282    0.7573    0.7947    0.4465   0.06896  0.009506   0.02228
     91/99     20.5G   0.02993   0.01069   0.01339   0.05401        88       640    0.7704    0.7779    0.8031    0.4429    0.0697  0.009326    0.0226
     92/99     20.5G   0.03254   0.01036   0.01403   0.05693        42       640    0.8104    0.7612    0.7914    0.4507   0.06933  0.009598   0.02286
     93/99     20.5G   0.03185   0.01052   0.01457   0.05694        91       640    0.8044     0.768    0.7934    0.4475   0.06884  0.009656   0.02285
     94/99     20.5G   0.03159   0.01079   0.01334   0.05572       107       640    0.8382    0.7534    0.8015    0.4516   0.06858   0.00948   0.02292
     95/99     20.5G   0.03106   0.01076   0.01328    0.0551        73       640     0.841    0.7596    0.7942    0.4326   0.06992  0.009385    0.0226
     96/99     20.5G   0.03036   0.01091    0.0133   0.05457        97       640    0.7937    0.7368    0.7909    0.4518   0.06874  0.009369   0.02316
     97/99     20.5G    0.0312   0.01086   0.01415   0.05621       104       640    0.7652    0.7535    0.7704    0.4428   0.06738   0.00954   0.02299
     98/99     20.5G   0.03039   0.01065   0.01377   0.05481        94       640    0.8274    0.7248    0.7759    0.4498     0.068  0.009425    0.0226
     99/99     20.5G    0.0309   0.01098   0.01283   0.05472       114       640    0.7897    0.7611    0.7653    0.4346   0.06879  0.009333   0.02266
